0000000760
0000005428
0000015253
0000015377
0000015385
0000016055
0000019399
0000025240
0000031151
0000033545
0000040436
000050257X
000100039X
0001004344
0001006614
0001007068
0001025228
0001025236
0001025252
0001046748
0001046837
0001046934
0001047582
0001047868
0001048074
0001049283
0001049690
0001052012
0001052136
0001052438
0001053388
0001053744
0001054996
0001055399
0001056298
0001056506
0001056565
0001057014
000105709X
0001057103
0001057111
000105712X
0001057138
0001057146
0001057189
0001057197
0001057200
0001057219
0001057227
0001057243
0001057251
000105726X
0001057286
0001057294
0001057308
0001057324
0001057340
0001057359
0001057375
0001057383
0001057391
0001057405
0001057421
000105743X
0001057448
0001127748
0001213903
0001360000
0001383019
0001383027
0001384155
0001473727
0001473905
0001477889
0001481223
0001484915
0001485105
0001485318
0001501836
0001536338
0001542389
0001547445
0001619950
000183746X
0001911198
0001911651
0001955071
0001963066
0001963074
0001964658
0001982923
0001983164
0001983210
0002000199
0002000245
000200044X
0002000466
0002005239
0002005344
0002006340
0002006359
0002006499
0002006898
0002007649
000200836X
0002019930
0002116340
0002116413
0002116499
0002116960
0002118750
000215160X
0002153513
0002154463
0002156083
0002157470
0002158531
0002160293
0002160439
0002160447
0002161370
0002161621
0002161915
0002161931
0002162075
0002162512
000216258X
0002162881
000216289X
0002162911
000216292X
0002162962
0002162989
0002163411
0002163497
0002163659
0002163675
0002164078
0002164124
0002164469
0002164620
0002164698
0002164957
0002164973
0002165147
000216518X
0002165279
0002165627
0002166348
0002166356
0002166445
0002166674
000216714X
0002168154
0002168162
0002168308
0002168391
0002168499
000216857X
0002168782
0002168812
0002169614
0002169681
0002169770
0002169843
0002170256
0002171260
0002172739
000217281X
0002173808
0002173948
0002174421
0002174588
0002174928
0002175762
0002176475
0002179083
0002180065
0002180804
0002181703
000218172X
0002182092
0002182580
0002184389
0002184532
0002184915
0002185296
000218530X
0002187647
0002189097
0002189348
0002189356
0002189372
0002189402
0002189488
0002189496
0002189534
0002189569
0002189585
0002189615
0002190133
0002190273
0002190613
000219063X
000219094X
0002190974
0002191458
0002192136
0002192209
0002192500
0002192713
0002193248
000219404X
0002195488
0002195682
0002195690
0002196646
0002197510
0002197561
0002197804
0002197839
0002198576
0002198657
0002199009
0002199556
0002199769
0002199939
0002199947
0002199955
0002199963
0002200074
0002200090
0002200295
0002200376
0002200562
0002200716
000220083X
0002201135
0002201151
000220116X
0002201364
000220150X
0002201518
0002201526
0002201534
0002201593
0002201682
0002201712
0002201992
000220200X
0002202050
0002202123
0002214350
0002215934
0002216183
0002216213
0002219689
0002219697
0002219719
0002219956
0002219980
0002220318
000222061X
0002220644
0002220695
0002220709
000222125X
000222139X
0002221799
0002222175
0002222809
0002223368
0002223511
0002223589
0002223651
0002223961
0002223988
0002224062
000222626X
000222657X
0002226618
000222674X
0002226804
0002234734
0002235013
0002235285
0002235307
0002238934
0002239035
0002243652
0002243725
0002243768
0002243822
0002243881
0002243970
0002243989
0002244004
000224411X
0002245442
0002245469
0002245531
0002245604
0002245612
0002245620
0002245663
0002245671
0002245728
0002250519
0002250535
0002250616
0002251019
000225106X
0002251337
0002251507
0002252015
0002252066
0002254379
0002254735
0002255200
0002255391
0002258471
000225901X
000225929X
0002261022
0002261952
0002295482
0002310325
0002310392
0002310406
0002310430
0002310813
0002312786
0002312875
0002312891
0002313340
000231357X
0002314800
0002315858
0002315890
0002316773
0002318628
0002318636
0002319217
000232525X
0002326787
0002542196
0002550296
000255030X
0002550695
0002550733
0002550741
000255075X
0002550865
0002551489
000255268X
0002552817
000255321X
0002553481
000255402X
0002554054
0002554151
0002554178
0002554232
0002554283
0002554291
0002554364
0002554410
0002554437
0002554755
0002554771
000255478X
0002555077
0002556065
0002556081
0002556359
000255710X
0002557193
0002557215
0002557223
0002557231
000255724X
0002557304
0002557312
0002557401
0002557487
0002557509
0002557517
0002557541
0002557568
0002557592
0002557614
0002557630
0002557657
0002558033
0002558637
0002559137
0002570122
0002570831
0002570866
0002571005
000257134X
0002571471
0002571595
0002571609
000257215X
0002610043
000262303X
0002624583
0002629895
0002632535
0002720353
0002723115
0002740192
0002740230
000274029X
0002740303
0002740389
0002740397
0002740516
0002740524
0002740591
0002740605
0002740621
0002740745
0002740834
0002740907
0002903490
0002926202
0003020657
000302072X
0003031179
0003161609
000325254X
0003266877
0003271242
0003271323
0003701514
0003710904
0003830330
0003830373
0003831043
0003831264
000383185X
0003831973
0003832198
0003832279
0003832791
0003833755
0004104129
0004116305
0004116496
0004118731
0004118774
0004118995
0004120205
0004122879
0004128494
0004129733
0004133099
0004133269
0004133331
0004133374
0004133382
0004133412
0004133625
0004133919
0004134001
0004134109
0004140443
0004140788
0004140842
0004141083
0004245431
0004330919
0004332466
0004334493
0004343379
0004343476
0004356373
0004356659
000447385X
0004486862
0004488164
0004488717
0004488865
0004488938
0004489705
0004489837
0004489845
0004489888
0004490320
0004490975
0004490991
0004491009
0004491017
0004491025
0004588088
0004704630
0004704738
0004705009
0004705270
0004705351
0004707478
0004707532
000470763X
0004708091
0004708237
0004708709
0004708830
0004709403
000470987X
0004710258
0004720652
0004720687
0004720709
0004720717
0004720733
0004720954
000472139X
0004721403
0004721470
0004721497
0004721519
0004721527
0004721535
0004721543
0004721705
0004721764
0004722116
0004722140
0004722841
0004722884
0004723058
0004723147
0004723228
0004723309
0004723341
0004723368
0004723503
0004723554
0004723600
0004723686
0004723848
000472464X
0004724666
0004724674
0004724682
0004724712
0004724720
000472514X
0004906241
0004981596
0005011760
0005011825
0005021812
0005035163
0005035287
0005044987
0005056918
0005057035
000505852X
0005080029
0005081009
0005084636
0005084644
0005084660
0005087597
0005087651
0005087724
0005087732
0005087775
0005087791
0005088143
0005101352
0005114268
0005122767
0005123739
0005124107
0005124166
0005124492
0005124859
0005125189
0005125545
000512560X
0005126878
0005127173
0005127238
000512817X
0005128412
000512901X
0005129079
0005133491
000513370X
0005133718
0005133734
0005133742
0005134935
0005135206
0005135311
000513532X
0005135338
0005135346
0005135354
0005135362
0005135370
0005135419
0005135443
0005135540
0005135559
0005135575
0005135583
0005135613
0005135621
000513563X
0005135702
0005137047
0005137438
0005137683
0005137918
0005138302
0005138353
0005138906
0005139481
0005139511
0005140234
000514065X
0005140668
0005140676
0005191629
0005193281
0005195926
0005311969
0005312159
0005332222
0005405122
000543873X
0005448468
0005463734
0005476704
0005476712
0005476798
0005990300
0005990785
0005990807
0005990815
0005990823
0005992192
0005992761
0005993202
0005997453
0005997879
0005997895
0005999731
000599974X
0005999758
0005999766
000616031X
0006190944
0006203388
0006275192
0006276199
000628003X
0006280277
0006280455
0006280684
0006280986
0006281125
0006281206
0006281230
0006281257
0006281346
0006281400
0006281451
000628146X
0006281591
0006281702
0006281745
0006363989
0006365043
000636943X
000637901X
000638014X
0006380158
0006380204
0006380255
0006380298
0006380301
000638031X
0006380352
0006380409
0006380476
0006380514
0006380549
0006380573
0006380611
000638062X
0006380964
0006383068
0006384706
0006384722
0006384765
0006384803
000638482X
0006384862
0006384919
000638501X
0006385028
0006385079
0006385109
0006385117
0006385141
0006385168
0006385192
0006385354
0006385362
0006385389
0006385400
0006385419
0006385494
0006385532
0006385567
0006385621
0006385648
0006385656
0006385680
0006385753
0006385796
000638580X
0006385907
0006385915
0006386016
0006386091
0006386164
0006386245
0006386350
0006386369
0006386415
0006386512
0006386520
0006386563
0006386571
000638661X
0006386660
0006386776
0006387500
0006387802
0006388264
0006388787
0006388965
0006391893
0006409326
0006472443
0006474047
0006474918
0006474969
0006475337
0006475353
0006479251
0006479383
0006479405
0006479472
0006479588
0006480500
0006480519
0006480551
0006480594
0006480608
0006480659
0006480721
0006480772
0006480799
0006480829
0006480837
000648087X
0006480888
000648090X
0006480926
0006480950
0006480985
0006481000
0006481094
0006481132
0006481175
0006481221
0006481248
000648137X
0006481434
0006481485
0006481493
000648154X
0006481590
0006481604
0006481639
0006481647
0006481752
0006481809
000648185X
0006481892
0006481949
000648199X
0006482007
0006482015
0006482724
0006483216
0006490603
0006492460
000649305X
000649966X
0006499937
0006513492
0006513506
0006513549
0006514111
0006530192
0006530389
0006530524
0006530737
0006530907
0006531040
0006531172
0006531369
0006531431
0006531563
0006531962
0006532004
0006532039
0006532306
0006542557
0006544843
0006547435
0006547486
0006550266
0006550401
0006550452
000655069X
0006551467
0006551823
0006551912
000655198X
0006552390
0006552463
0006588972
0006633838
0006645119
0006646247
0006646441
0006646581
0006646875
0006646913
0006647413
0006647677
0006755313
0006860028
0006907237
0006914233
0006915612
0006925189
0006931642
0006932231
0007079095
0007100000
0007100078
0007101430
0007101481
0007101538
0007102011
0007102135
0007102143
0007102356
0007102372
0007102402
0007102895
0007103077
0007103557
0007103565
000710362X
0007103875
0007103883
0007103905
0007103913
0007103964
0007104022
0007104340
0007104758
0007104820
0007105169
0007105177
0007105738
000710619X
0007106211
0007106335
0007107188
0007107668
0007107730
0007107781
000710779X
0007107811
0007107900
0007107943
0007108117
0007108141
0007108648
0007108656
0007108664
000710880X
0007108818
000710961X
0007110014
000711012X
0007111118
0007111258
0007111924
0007112122
0007112130
0007112319
000711267X
0007112688
0007112696
0007112793
0007112815
0007112823
0007112831
000711284X
0007113218
0007113234
0007113366
0007113439
0007113455
0007113633
000711365X
0007113668
0007114257
0007114265
0007114427
0007114443
0007114494
0007115350
0007115385
0007115474
0007115490
0007115628
0007115687
0007115903
0007117078
0007117221
0007118384
0007118392
0007118570
0007118767
0007118791
0007119496
0007119690
0007119755
0007120117
000712015X
0007120192
000712029X
000712063X
0007121156
0007121199
0007121512
0007121539
0007121555
0007121563
0007121792
0007121822
0007121849
0007121997
0007122004
0007122071
0007122128
0007122403
0007122551
0007122691
0007122713
0007123078
0007123353
0007123434
0007123752
0007124406
0007124414
0007124430
000712449X
0007126220
0007126239
0007126247
0007126255
0007126468
000712693X
0007126972
0007127057
0007127480
0007127502
0007127561
0007127855
0007128061
0007128207
0007128576
0007128584
0007128746
